Flea grid before bell rung: 
1 1 1 1 1 1 1 1 1 1 1 1 1 1 1 1 1 1 1 1 1 1 1 1 1 1 1 1 1 1 
1 1 1 1 1 1 1 1 1 1 1 1 1 1 1 1 1 1 1 1 1 1 1 1 1 1 1 1 1 1 
1 1 1 1 1 1 1 1 1 1 1 1 1 1 1 1 1 1 1 1 1 1 1 1 1 1 1 1 1 1 
1 1 1 1 1 1 1 1 1 1 1 1 1 1 1 1 1 1 1 1 1 1 1 1 1 1 1 1 1 1 
1 1 1 1 1 1 1 1 1 1 1 1 1 1 1 1 1 1 1 1 1 1 1 1 1 1 1 1 1 1 
1 1 1 1 1 1 1 1 1 1 1 1 1 1 1 1 1 1 1 1 1 1 1 1 1 1 1 1 1 1 
1 1 1 1 1 1 1 1 1 1 1 1 1 1 1 1 1 1 1 1 1 1 1 1 1 1 1 1 1 1 
1 1 1 1 1 1 1 1 1 1 1 1 1 1 1 1 1 1 1 1 1 1 1 1 1 1 1 1 1 1 
1 1 1 1 1 1 1 1 1 1 1 1 1 1 1 1 1 1 1 1 1 1 1 1 1 1 1 1 1 1 
1 1 1 1 1 1 1 1 1 1 1 1 1 1 1 1 1 1 1 1 1 1 1 1 1 1 1 1 1 1 
1 1 1 1 1 1 1 1 1 1 1 1 1 1 1 1 1 1 1 1 1 1 1 1 1 1 1 1 1 1 
1 1 1 1 1 1 1 1 1 1 1 1 1 1 1 1 1 1 1 1 1 1 1 1 1 1 1 1 1 1 
1 1 1 1 1 1 1 1 1 1 1 1 1 1 1 1 1 1 1 1 1 1 1 1 1 1 1 1 1 1 
1 1 1 1 1 1 1 1 1 1 1 1 1 1 1 1 1 1 1 1 1 1 1 1 1 1 1 1 1 1 
1 1 1 1 1 1 1 1 1 1 1 1 1 1 1 1 1 1 1 1 1 1 1 1 1 1 1 1 1 1 
1 1 1 1 1 1 1 1 1 1 1 1 1 1 1 1 1 1 1 1 1 1 1 1 1 1 1 1 1 1 
1 1 1 1 1 1 1 1 1 1 1 1 1 1 1 1 1 1 1 1 1 1 1 1 1 1 1 1 1 1 
1 1 1 1 1 1 1 1 1 1 1 1 1 1 1 1 1 1 1 1 1 1 1 1 1 1 1 1 1 1 
1 1 1 1 1 1 1 1 1 1 1 1 1 1 1 1 1 1 1 1 1 1 1 1 1 1 1 1 1 1 
1 1 1 1 1 1 1 1 1 1 1 1 1 1 1 1 1 1 1 1 1 1 1 1 1 1 1 1 1 1 
1 1 1 1 1 1 1 1 1 1 1 1 1 1 1 1 1 1 1 1 1 1 1 1 1 1 1 1 1 1 
1 1 1 1 1 1 1 1 1 1 1 1 1 1 1 1 1 1 1 1 1 1 1 1 1 1 1 1 1 1 
1 1 1 1 1 1 1 1 1 1 1 1 1 1 1 1 1 1 1 1 1 1 1 1 1 1 1 1 1 1 
1 1 1 1 1 1 1 1 1 1 1 1 1 1 1 1 1 1 1 1 1 1 1 1 1 1 1 1 1 1 
1 1 1 1 1 1 1 1 1 1 1 1 1 1 1 1 1 1 1 1 1 1 1 1 1 1 1 1 1 1 
1 1 1 1 1 1 1 1 1 1 1 1 1 1 1 1 1 1 1 1 1 1 1 1 1 1 1 1 1 1 
1 1 1 1 1 1 1 1 1 1 1 1 1 1 1 1 1 1 1 1 1 1 1 1 1 1 1 1 1 1 
1 1 1 1 1 1 1 1 1 1 1 1 1 1 1 1 1 1 1 1 1 1 1 1 1 1 1 1 1 1 
1 1 1 1 1 1 1 1 1 1 1 1 1 1 1 1 1 1 1 1 1 1 1 1 1 1 1 1 1 1 
1 1 1 1 1 1 1 1 1 1 1 1 1 1 1 1 1 1 1 1 1 1 1 1 1 1 1 1 1 1 
Flea grid after bell rung: 
101 151 51 1 151 2 2 46 54 2 52 80 7 12 92 102 107 7 57 108 13 66 31 116 15 51 52 51 52 36 
60 31 0 0 7 1 11 58 43 1 24 15 0 0 12 0 1 1 0 0 1 9 29 28 0 0 0 0 61 115 
90 16 11 0 41 0 0 0 19 0 22 9 0 1 0 0 0 1 1 0 0 0 0 0 2 2 0 12 2 39 
73 8 2 0 0 0 0 0 0 2 0 0 1 0 0 0 0 0 0 0 0 0 0 0 1 1 0 3 15 63 
50 4 2 0 0 0 0 0 0 1 8 3 0 2 0 1 0 0 0 0 3 0 0 1 2 2 2 0 8 78 
69 0 0 0 0 0 0 1 0 0 0 2 0 0 0 0 0 0 0 0 1 3 0 0 0 1 0 0 7 64 
60 0 0 0 1 0 0 0 1 0 1 0 0 0 0 1 0 0 1 0 0 0 0 0 0 1 0 0 1 71 
68 3 0 1 1 0 1 5 2 0 1 2 1 0 0 1 2 0 0 0 1 0 0 0 1 1 0 0 7 61 
67 30 0 0 0 1 0 2 8 1 2 4 2 1 0 0 1 2 0 6 8 2 2 6 9 6 7 6 19 64 
66 11 1 1 1 3 2 5 1 0 1 1 1 0 0 0 0 1 1 0 1 1 0 1 0 0 0 0 19 59 
57 1 1 0 1 1 0 0 0 0 3 0 0 0 0 0 0 0 0 0 1 0 0 0 1 1 0 0 4 66 
49 1 1 2 1 0 0 0 0 0 1 0 1 0 0 1 0 1 1 0 0 0 1 0 1 1 0 0 8 58 
53 11 1 4 3 0 0 1 2 1 1 3 1 1 1 0 2 0 1 5 0 0 0 0 6 1 1 0 9 54 
80 26 0 4 2 5 8 0 1 2 2 1 2 5 3 0 5 0 0 7 1 1 1 1 1 0 5 1 5 72 
60 11 5 0 0 2 0 0 0 2 0 0 0 1 0 0 0 1 0 0 0 0 0 2 0 0 4 2 1 68 
58 0 2 0 0 0 1 0 0 1 0 0 0 0 0 0 1 2 0 0 0 0 0 0 0 0 0 0 12 65 
62 0 0 1 0 1 1 0 0 1 0 2 1 1 0 0 0 0 0 0 0 0 0 0 0 3 1 0 4 71 
64 0 2 0 1 3 2 0 0 0 0 0 2 0 0 1 0 1 0 0 0 0 1 1 0 0 0 1 0 69 
64 0 4 1 0 0 0 0 1 1 0 0 0 0 0 0 0 0 1 0 1 1 0 1 1 0 0 0 1 69 
67 0 1 1 1 0 2 4 0 1 1 1 0 1 0 0 1 0 0 0 1 0 0 2 0 0 2 1 3 52 
60 0 5 1 0 0 1 0 0 0 1 3 0 0 0 0 1 2 0 0 0 0 2 0 0 0 0 1 3 55 
60 4 1 5 2 0 0 0 1 1 0 0 7 0 2 1 0 1 0 0 1 0 0 1 1 1 0 0 1 74 
70 6 0 2 0 0 0 2 0 0 4 1 2 1 0 1 0 0 0 1 1 0 0 1 0 1 0 5 0 69 
60 7 4 1 0 0 0 1 3 1 1 0 1 1 3 2 2 0 1 0 0 2 3 3 0 0 0 2 8 63 
51 1 1 1 1 0 0 0 0 1 1 0 2 2 3 0 0 0 0 0 0 1 0 1 2 0 1 12 8 62 
69 9 0 1 3 6 3 1 5 4 2 4 1 2 1 4 1 7 0 3 5 4 1 0 4 0 0 3 2 60 
53 2 1 0 3 2 5 1 2 0 1 2 0 1 0 0 1 0 0 0 0 5 1 1 1 0 0 0 0 60 
62 0 0 0 1 0 1 5 0 0 1 4 7 6 4 1 1 2 0 2 2 1 1 5 1 2 1 1 1 68 
45 1 3 1 2 2 4 4 1 0 0 0 2 1 4 2 1 1 0 1 2 3 6 6 0 1 3 2 5 61 
62 93 69 75 73 64 71 79 68 72 70 74 79 69 78 65 68 63 68 77 68 68 81 69 63 71 76 61 55 27 
Total squares empty: 390
In Percentage: 43.3333%
